{
 "cells": [
  {
   "cell_type": "code",
   "execution_count": 41,
   "id": "e5a5c528-73d1-428a-9603-3a42fdffe88f",
   "metadata": {
    "scrolled": true
   },
   "outputs": [
    {
     "name": "stdout",
     "output_type": "stream",
     "text": [
      "     OBJECTID  DISTRICT  POPULATION   RDED  TOTAL_REG  ETH1_EUR  ETH1_AA  \\\n",
      "42         55         4        1202  04-01       1614      1237       23   \n",
      "52         65         4        1073  04-11       1416      1102      110   \n",
      "101       114         8         973  08-07       1272       865      179   \n",
      "152       165        12         174  12-08        262       207        8   \n",
      "\n",
      "     Biden Percentage  Trump Percentage  ETH1_OTHERS  pct_caucasian  \\\n",
      "42             0.7407            0.2452          -58       1.029118   \n",
      "52             0.6382            0.3476         -139       1.027027   \n",
      "101            0.4559            0.5243          -71       0.889003   \n",
      "152            0.5904            0.3976          -41       1.189655   \n",
      "\n",
      "     pct_africanamerican  pct_other  Others Percentage  \n",
      "42              0.019135  -0.048253             0.0141  \n",
      "52              0.102516  -0.129543             0.0142  \n",
      "101             0.183967  -0.072970             0.0198  \n",
      "152             0.045977  -0.235632             0.0120  \n"
     ]
    },
    {
     "name": "stderr",
     "output_type": "stream",
     "text": [
      "C:\\Users\\danda\\AppData\\Local\\Temp\\ipykernel_16304\\1415710196.py:14: SettingWithCopyWarning: \n",
      "A value is trying to be set on a copy of a slice from a DataFrame\n",
      "\n",
      "See the caveats in the documentation: https://pandas.pydata.org/pandas-docs/stable/user_guide/indexing.html#returning-a-view-versus-a-copy\n",
      "  data.drop(columns=['Shape__Are','Shape__Len','ETH1_UNK'], inplace=True)\n",
      "C:\\Users\\danda\\AppData\\Local\\Temp\\ipykernel_16304\\1415710196.py:15: SettingWithCopyWarning: \n",
      "A value is trying to be set on a copy of a slice from a DataFrame\n",
      "\n",
      "See the caveats in the documentation: https://pandas.pydata.org/pandas-docs/stable/user_guide/indexing.html#returning-a-view-versus-a-copy\n",
      "  data.drop(columns=['Hawkins Percentage','Jorgensen Percentage'], inplace=True)\n",
      "C:\\Users\\danda\\AppData\\Local\\Temp\\ipykernel_16304\\1415710196.py:17: SettingWithCopyWarning: \n",
      "A value is trying to be set on a copy of a slice from a DataFrame.\n",
      "Try using .loc[row_indexer,col_indexer] = value instead\n",
      "\n",
      "See the caveats in the documentation: https://pandas.pydata.org/pandas-docs/stable/user_guide/indexing.html#returning-a-view-versus-a-copy\n",
      "  data['ETH1_OTHERS'] = data['POPULATION'] - data['ETH1_EUR'] - data['ETH1_AA']\n",
      "C:\\Users\\danda\\AppData\\Local\\Temp\\ipykernel_16304\\1415710196.py:18: SettingWithCopyWarning: \n",
      "A value is trying to be set on a copy of a slice from a DataFrame.\n",
      "Try using .loc[row_indexer,col_indexer] = value instead\n",
      "\n",
      "See the caveats in the documentation: https://pandas.pydata.org/pandas-docs/stable/user_guide/indexing.html#returning-a-view-versus-a-copy\n",
      "  data['pct_caucasian'] = data['ETH1_EUR'] / data['POPULATION']\n",
      "C:\\Users\\danda\\AppData\\Local\\Temp\\ipykernel_16304\\1415710196.py:19: SettingWithCopyWarning: \n",
      "A value is trying to be set on a copy of a slice from a DataFrame.\n",
      "Try using .loc[row_indexer,col_indexer] = value instead\n",
      "\n",
      "See the caveats in the documentation: https://pandas.pydata.org/pandas-docs/stable/user_guide/indexing.html#returning-a-view-versus-a-copy\n",
      "  data['pct_africanamerican'] = data['ETH1_AA'] / data['POPULATION']\n",
      "C:\\Users\\danda\\AppData\\Local\\Temp\\ipykernel_16304\\1415710196.py:20: SettingWithCopyWarning: \n",
      "A value is trying to be set on a copy of a slice from a DataFrame.\n",
      "Try using .loc[row_indexer,col_indexer] = value instead\n",
      "\n",
      "See the caveats in the documentation: https://pandas.pydata.org/pandas-docs/stable/user_guide/indexing.html#returning-a-view-versus-a-copy\n",
      "  data['pct_other'] = data['ETH1_OTHERS'] / data['POPULATION']\n",
      "C:\\Users\\danda\\AppData\\Local\\Temp\\ipykernel_16304\\1415710196.py:22: SettingWithCopyWarning: \n",
      "A value is trying to be set on a copy of a slice from a DataFrame.\n",
      "Try using .loc[row_indexer,col_indexer] = value instead\n",
      "\n",
      "See the caveats in the documentation: https://pandas.pydata.org/pandas-docs/stable/user_guide/indexing.html#returning-a-view-versus-a-copy\n",
      "  data['Biden Percentage'] = data['Biden Percentage'] / 100\n",
      "C:\\Users\\danda\\AppData\\Local\\Temp\\ipykernel_16304\\1415710196.py:23: SettingWithCopyWarning: \n",
      "A value is trying to be set on a copy of a slice from a DataFrame.\n",
      "Try using .loc[row_indexer,col_indexer] = value instead\n",
      "\n",
      "See the caveats in the documentation: https://pandas.pydata.org/pandas-docs/stable/user_guide/indexing.html#returning-a-view-versus-a-copy\n",
      "  data['Trump Percentage'] = data['Trump Percentage'] / 100\n",
      "C:\\Users\\danda\\AppData\\Local\\Temp\\ipykernel_16304\\1415710196.py:24: SettingWithCopyWarning: \n",
      "A value is trying to be set on a copy of a slice from a DataFrame.\n",
      "Try using .loc[row_indexer,col_indexer] = value instead\n",
      "\n",
      "See the caveats in the documentation: https://pandas.pydata.org/pandas-docs/stable/user_guide/indexing.html#returning-a-view-versus-a-copy\n",
      "  data['Others Percentage'] = 1 - data['Biden Percentage'] - data['Trump Percentage']\n"
     ]
    },
    {
     "data": {
      "text/html": [
       "<div>\n",
       "<style scoped>\n",
       "    .dataframe tbody tr th:only-of-type {\n",
       "        vertical-align: middle;\n",
       "    }\n",
       "\n",
       "    .dataframe tbody tr th {\n",
       "        vertical-align: top;\n",
       "    }\n",
       "\n",
       "    .dataframe thead th {\n",
       "        text-align: right;\n",
       "    }\n",
       "</style>\n",
       "<table border=\"1\" class=\"dataframe\">\n",
       "  <thead>\n",
       "    <tr style=\"text-align: right;\">\n",
       "      <th></th>\n",
       "      <th>OBJECTID</th>\n",
       "      <th>DISTRICT</th>\n",
       "      <th>POPULATION</th>\n",
       "      <th>RDED</th>\n",
       "      <th>TOTAL_REG</th>\n",
       "      <th>ETH1_EUR</th>\n",
       "      <th>ETH1_AA</th>\n",
       "      <th>Biden Percentage</th>\n",
       "      <th>Trump Percentage</th>\n",
       "      <th>ETH1_OTHERS</th>\n",
       "      <th>pct_caucasian</th>\n",
       "      <th>pct_africanamerican</th>\n",
       "      <th>pct_other</th>\n",
       "      <th>Others Percentage</th>\n",
       "    </tr>\n",
       "  </thead>\n",
       "  <tbody>\n",
       "    <tr>\n",
       "      <th>0</th>\n",
       "      <td>1</td>\n",
       "      <td>1</td>\n",
       "      <td>1602</td>\n",
       "      <td>01-01</td>\n",
       "      <td>1254</td>\n",
       "      <td>211</td>\n",
       "      <td>936</td>\n",
       "      <td>0.9177</td>\n",
       "      <td>0.0646</td>\n",
       "      <td>455</td>\n",
       "      <td>0.131710</td>\n",
       "      <td>0.584270</td>\n",
       "      <td>0.284020</td>\n",
       "      <td>0.0177</td>\n",
       "    </tr>\n",
       "    <tr>\n",
       "      <th>1</th>\n",
       "      <td>2</td>\n",
       "      <td>1</td>\n",
       "      <td>1982</td>\n",
       "      <td>01-02</td>\n",
       "      <td>1579</td>\n",
       "      <td>155</td>\n",
       "      <td>1310</td>\n",
       "      <td>0.9469</td>\n",
       "      <td>0.0475</td>\n",
       "      <td>517</td>\n",
       "      <td>0.078204</td>\n",
       "      <td>0.660949</td>\n",
       "      <td>0.260848</td>\n",
       "      <td>0.0056</td>\n",
       "    </tr>\n",
       "    <tr>\n",
       "      <th>2</th>\n",
       "      <td>3</td>\n",
       "      <td>1</td>\n",
       "      <td>1692</td>\n",
       "      <td>01-03</td>\n",
       "      <td>1262</td>\n",
       "      <td>83</td>\n",
       "      <td>1094</td>\n",
       "      <td>0.9569</td>\n",
       "      <td>0.0406</td>\n",
       "      <td>515</td>\n",
       "      <td>0.049054</td>\n",
       "      <td>0.646572</td>\n",
       "      <td>0.304374</td>\n",
       "      <td>0.0025</td>\n",
       "    </tr>\n",
       "    <tr>\n",
       "      <th>3</th>\n",
       "      <td>4</td>\n",
       "      <td>1</td>\n",
       "      <td>2067</td>\n",
       "      <td>01-04</td>\n",
       "      <td>1619</td>\n",
       "      <td>249</td>\n",
       "      <td>1224</td>\n",
       "      <td>0.9342</td>\n",
       "      <td>0.0545</td>\n",
       "      <td>594</td>\n",
       "      <td>0.120464</td>\n",
       "      <td>0.592163</td>\n",
       "      <td>0.287373</td>\n",
       "      <td>0.0113</td>\n",
       "    </tr>\n",
       "    <tr>\n",
       "      <th>4</th>\n",
       "      <td>5</td>\n",
       "      <td>1</td>\n",
       "      <td>2063</td>\n",
       "      <td>01-05</td>\n",
       "      <td>1636</td>\n",
       "      <td>589</td>\n",
       "      <td>826</td>\n",
       "      <td>0.8611</td>\n",
       "      <td>0.1234</td>\n",
       "      <td>648</td>\n",
       "      <td>0.285507</td>\n",
       "      <td>0.400388</td>\n",
       "      <td>0.314106</td>\n",
       "      <td>0.0155</td>\n",
       "    </tr>\n",
       "  </tbody>\n",
       "</table>\n",
       "</div>"
      ],
      "text/plain": [
       "   OBJECTID  DISTRICT  POPULATION   RDED  TOTAL_REG  ETH1_EUR  ETH1_AA  \\\n",
       "0         1         1        1602  01-01       1254       211      936   \n",
       "1         2         1        1982  01-02       1579       155     1310   \n",
       "2         3         1        1692  01-03       1262        83     1094   \n",
       "3         4         1        2067  01-04       1619       249     1224   \n",
       "4         5         1        2063  01-05       1636       589      826   \n",
       "\n",
       "   Biden Percentage  Trump Percentage  ETH1_OTHERS  pct_caucasian  \\\n",
       "0            0.9177            0.0646          455       0.131710   \n",
       "1            0.9469            0.0475          517       0.078204   \n",
       "2            0.9569            0.0406          515       0.049054   \n",
       "3            0.9342            0.0545          594       0.120464   \n",
       "4            0.8611            0.1234          648       0.285507   \n",
       "\n",
       "   pct_africanamerican  pct_other  Others Percentage  \n",
       "0             0.584270   0.284020             0.0177  \n",
       "1             0.660949   0.260848             0.0056  \n",
       "2             0.646572   0.304374             0.0025  \n",
       "3             0.592163   0.287373             0.0113  \n",
       "4             0.400388   0.314106             0.0155  "
      ]
     },
     "execution_count": 41,
     "metadata": {},
     "output_type": "execute_result"
    }
   ],
   "source": [
    "import numpy as np\n",
    "import pymc as pm\n",
    "\n",
    "from pyei.two_by_two import TwoByTwoEI\n",
    "from pyei.goodmans_er import GoodmansER\n",
    "from pyei.goodmans_er import GoodmansERBayes\n",
    "from pyei.r_by_c import RowByColumnEI\n",
    "from pyei.io_utils import from_netcdf, to_netcdf\n",
    "import pandas as pd\n",
    "\n",
    "df = pd.read_csv('DE_precincts_updated2.csv')\n",
    "\n",
    "data = df.dropna()\n",
    "data.drop(columns=['Shape__Are','Shape__Len','ETH1_UNK'], inplace=True)\n",
    "data.drop(columns=['Hawkins Percentage','Jorgensen Percentage'], inplace=True)\n",
    "\n",
    "data['ETH1_OTHERS'] = data['POPULATION'] - data['ETH1_EUR'] - data['ETH1_AA']\n",
    "data['pct_caucasian'] = data['ETH1_EUR'] / data['POPULATION']\n",
    "data['pct_africanamerican'] = data['ETH1_AA'] / data['POPULATION']\n",
    "data['pct_other'] = data['ETH1_OTHERS'] / data['POPULATION']\n",
    "\n",
    "data['Biden Percentage'] = data['Biden Percentage'] / 100\n",
    "data['Trump Percentage'] = data['Trump Percentage'] / 100\n",
    "data['Others Percentage'] = 1 - data['Biden Percentage'] - data['Trump Percentage']\n",
    "\n",
    "data = data.dropna()\n",
    "rows_with_negative_eth_other = data[data['ETH1_OTHERS'] < 0]\n",
    "data = data.drop(rows_with_negative_eth_other.index)\n",
    "data.head()\n",
    "print(data)"
   ]
  },
  {
   "cell_type": "code",
   "execution_count": 42,
   "id": "d4a2fe8e-72d4-4b52-b2f8-3cd14d27ca17",
   "metadata": {
    "scrolled": true
   },
   "outputs": [
    {
     "name": "stdout",
     "output_type": "stream",
     "text": [
      "Negative values: []\n",
      "Running ['Caucasian', 'African American', 'Others'] x ['Biden', 'Trump', 'Others'] EI\n",
      "r = 3 rows (demographic groups)\n",
      "c = 3 columns (candidates or voting outcomes)\n",
      "number of precincts = 424\n"
     ]
    },
    {
     "data": {
      "application/vnd.jupyter.widget-view+json": {
       "model_id": "6c9243c3563743abbb29b107d86ba3a1",
       "version_major": 2,
       "version_minor": 0
      },
      "text/plain": [
       "  0%|          | 0/2500 [00:00<?, ?it/s]"
      ]
     },
     "metadata": {},
     "output_type": "display_data"
    },
    {
     "data": {
      "application/vnd.jupyter.widget-view+json": {
       "model_id": "77527f8df07b4f57a7c8503cb8b5c6fd",
       "version_major": 2,
       "version_minor": 0
      },
      "text/plain": [
       "  0%|          | 0/2500 [00:00<?, ?it/s]"
      ]
     },
     "metadata": {},
     "output_type": "display_data"
    },
    {
     "data": {
      "application/vnd.jupyter.widget-view+json": {
       "model_id": "0667191c582b4152a272ce49b83461a8",
       "version_major": 2,
       "version_minor": 0
      },
      "text/plain": [
       "  0%|          | 0/2500 [00:00<?, ?it/s]"
      ]
     },
     "metadata": {},
     "output_type": "display_data"
    },
    {
     "data": {
      "application/vnd.jupyter.widget-view+json": {
       "model_id": "2db7e130a29744e199fc1c6955705959",
       "version_major": 2,
       "version_minor": 0
      },
      "text/plain": [
       "  0%|          | 0/2500 [00:00<?, ?it/s]"
      ]
     },
     "metadata": {},
     "output_type": "display_data"
    },
    {
     "name": "stderr",
     "output_type": "stream",
     "text": [
      "There were 4000 divergences after tuning. Increase `target_accept` or reparameterize.\n",
      "The rhat statistic is larger than 1.01 for some parameters. This indicates problems during sampling. See https://arxiv.org/abs/1903.08008 for details\n",
      "The effective sample size per chain is smaller than 100 for some parameters.  A higher number is needed for reliable rhat and ess computation. See https://arxiv.org/abs/1903.08008 for details\n"
     ]
    }
   ],
   "source": [
    "ei_rbyc = RowByColumnEI(model_name='multinomial-dirichlet-modified', pareto_shape=100, pareto_scale=100)\n",
    "\n",
    "group_fractions = np.array(data[['pct_caucasian','pct_africanamerican', 'pct_other']]).T\n",
    "votes_fractions = np.array(data[['Biden Percentage', 'Trump Percentage','Others Percentage']]).T\n",
    "\n",
    "group_fractions = np.round(group_fractions, decimals=6)\n",
    "votes_fractions = np.round(votes_fractions, decimals=6)\n",
    "\n",
    "negative_values = group_fractions[group_fractions < 0]\n",
    "print(\"Negative values:\", negative_values)\n",
    "\n",
    "candidate_names_rbyc = ['Biden', 'Trump', 'Others']\n",
    "demographic_group_names_rbyc = ['Caucasian','African American', 'Others']\n",
    "\n",
    "precinct_pops = np.array(data[\"POPULATION\"])\n",
    "precinct_names = np.array(data['RDED'])\n",
    "\n",
    "ei_rbyc.fit(group_fractions, \n",
    "       votes_fractions, \n",
    "       precinct_pops, \n",
    "       demographic_group_names=demographic_group_names_rbyc, \n",
    "       candidate_names=candidate_names_rbyc, \n",
    "       precinct_names=precinct_names\n",
    ")\n"
   ]
  },
  {
   "cell_type": "code",
   "execution_count": 63,
   "id": "8230cf36-bcfa-4160-a73c-1b07e536e529",
   "metadata": {},
   "outputs": [
    {
     "name": "stdout",
     "output_type": "stream",
     "text": [
      "[[[0.12754107 0.57975634 0.29270259]\n",
      "  [0.39261561 0.40197026 0.20541413]\n",
      "  [0.18201895 0.57410238 0.24387867]]\n",
      "\n",
      " [[0.12754107 0.57975634 0.29270259]\n",
      "  [0.39261561 0.40197026 0.20541413]\n",
      "  [0.18201895 0.57410238 0.24387867]]\n",
      "\n",
      " [[0.12754107 0.57975634 0.29270259]\n",
      "  [0.39261561 0.40197026 0.20541413]\n",
      "  [0.18201895 0.57410238 0.24387867]]\n",
      "\n",
      " [[0.12754107 0.57975634 0.29270259]\n",
      "  [0.39261561 0.40197026 0.20541413]\n",
      "  [0.18201895 0.57410238 0.24387867]]\n",
      "\n",
      " [[0.12754107 0.57975634 0.29270259]\n",
      "  [0.39261561 0.40197026 0.20541413]\n",
      "  [0.18201895 0.57410238 0.24387867]]\n",
      "\n",
      " [[0.12754107 0.57975634 0.29270259]\n",
      "  [0.39261561 0.40197026 0.20541413]\n",
      "  [0.18201895 0.57410238 0.24387867]]\n",
      "\n",
      " [[0.12754107 0.57975634 0.29270259]\n",
      "  [0.39261561 0.40197026 0.20541413]\n",
      "  [0.18201895 0.57410238 0.24387867]]\n",
      "\n",
      " [[0.12754107 0.57975634 0.29270259]\n",
      "  [0.39261561 0.40197026 0.20541413]\n",
      "  [0.18201895 0.57410238 0.24387867]]\n",
      "\n",
      " [[0.12754107 0.57975634 0.29270259]\n",
      "  [0.39261561 0.40197026 0.20541413]\n",
      "  [0.18201895 0.57410238 0.24387867]]\n",
      "\n",
      " [[0.12754107 0.57975634 0.29270259]\n",
      "  [0.39261561 0.40197026 0.20541413]\n",
      "  [0.18201895 0.57410238 0.24387867]]\n",
      "\n",
      " [[0.12754107 0.57975634 0.29270259]\n",
      "  [0.39261561 0.40197026 0.20541413]\n",
      "  [0.18201895 0.57410238 0.24387867]]\n",
      "\n",
      " [[0.12754107 0.57975634 0.29270259]\n",
      "  [0.39261561 0.40197026 0.20541413]\n",
      "  [0.18201895 0.57410238 0.24387867]]\n",
      "\n",
      " [[0.12754107 0.57975634 0.29270259]\n",
      "  [0.39261561 0.40197026 0.20541413]\n",
      "  [0.18201895 0.57410238 0.24387867]]\n",
      "\n",
      " [[0.12754107 0.57975634 0.29270259]\n",
      "  [0.39261561 0.40197026 0.20541413]\n",
      "  [0.18201895 0.57410238 0.24387867]]\n",
      "\n",
      " [[0.12754107 0.57975634 0.29270259]\n",
      "  [0.39261561 0.40197026 0.20541413]\n",
      "  [0.18201895 0.57410238 0.24387867]]\n",
      "\n",
      " [[0.12754107 0.57975634 0.29270259]\n",
      "  [0.39261561 0.40197026 0.20541413]\n",
      "  [0.18201895 0.57410238 0.24387867]]\n",
      "\n",
      " [[0.12754107 0.57975634 0.29270259]\n",
      "  [0.39261561 0.40197026 0.20541413]\n",
      "  [0.18201895 0.57410238 0.24387867]]\n",
      "\n",
      " [[0.12754107 0.57975634 0.29270259]\n",
      "  [0.39261561 0.40197026 0.20541413]\n",
      "  [0.18201895 0.57410238 0.24387867]]\n",
      "\n",
      " [[0.12754107 0.57975634 0.29270259]\n",
      "  [0.39261561 0.40197026 0.20541413]\n",
      "  [0.18201895 0.57410238 0.24387867]]\n",
      "\n",
      " [[0.12754107 0.57975634 0.29270259]\n",
      "  [0.39261561 0.40197026 0.20541413]\n",
      "  [0.18201895 0.57410238 0.24387867]]\n",
      "\n",
      " [[0.12754107 0.57975634 0.29270259]\n",
      "  [0.39261561 0.40197026 0.20541413]\n",
      "  [0.18201895 0.57410238 0.24387867]]\n",
      "\n",
      " [[0.12754107 0.57975634 0.29270259]\n",
      "  [0.39261561 0.40197026 0.20541413]\n",
      "  [0.18201895 0.57410238 0.24387867]]\n",
      "\n",
      " [[0.12754107 0.57975634 0.29270259]\n",
      "  [0.39261561 0.40197026 0.20541413]\n",
      "  [0.18201895 0.57410238 0.24387867]]\n",
      "\n",
      " [[0.12754107 0.57975634 0.29270259]\n",
      "  [0.39261561 0.40197026 0.20541413]\n",
      "  [0.18201895 0.57410238 0.24387867]]\n",
      "\n",
      " [[0.12754107 0.57975634 0.29270259]\n",
      "  [0.39261561 0.40197026 0.20541413]\n",
      "  [0.18201895 0.57410238 0.24387867]]\n",
      "\n",
      " [[0.12754107 0.57975634 0.29270259]\n",
      "  [0.39261561 0.40197026 0.20541413]\n",
      "  [0.18201895 0.57410238 0.24387867]]\n",
      "\n",
      " [[0.12754107 0.57975634 0.29270259]\n",
      "  [0.39261561 0.40197026 0.20541413]\n",
      "  [0.18201895 0.57410238 0.24387867]]\n",
      "\n",
      " [[0.12754107 0.57975634 0.29270259]\n",
      "  [0.39261561 0.40197026 0.20541413]\n",
      "  [0.18201895 0.57410238 0.24387867]]\n",
      "\n",
      " [[0.12754107 0.57975634 0.29270259]\n",
      "  [0.39261561 0.40197026 0.20541413]\n",
      "  [0.18201895 0.57410238 0.24387867]]\n",
      "\n",
      " [[0.12754107 0.57975634 0.29270259]\n",
      "  [0.39261561 0.40197026 0.20541413]\n",
      "  [0.18201895 0.57410238 0.24387867]]\n",
      "\n",
      " [[0.12754107 0.57975634 0.29270259]\n",
      "  [0.39261561 0.40197026 0.20541413]\n",
      "  [0.18201895 0.57410238 0.24387867]]\n",
      "\n",
      " [[0.12754107 0.57975634 0.29270259]\n",
      "  [0.39261561 0.40197026 0.20541413]\n",
      "  [0.18201895 0.57410238 0.24387867]]\n",
      "\n",
      " [[0.12754107 0.57975634 0.29270259]\n",
      "  [0.39261561 0.40197026 0.20541413]\n",
      "  [0.18201895 0.57410238 0.24387867]]\n",
      "\n",
      " [[0.12754107 0.57975634 0.29270259]\n",
      "  [0.39261561 0.40197026 0.20541413]\n",
      "  [0.18201895 0.57410238 0.24387867]]\n",
      "\n",
      " [[0.12754107 0.57975634 0.29270259]\n",
      "  [0.39261561 0.40197026 0.20541413]\n",
      "  [0.18201895 0.57410238 0.24387867]]\n",
      "\n",
      " [[0.12754107 0.57975634 0.29270259]\n",
      "  [0.39261561 0.40197026 0.20541413]\n",
      "  [0.18201895 0.57410238 0.24387867]]\n",
      "\n",
      " [[0.12754107 0.57975634 0.29270259]\n",
      "  [0.39261561 0.40197026 0.20541413]\n",
      "  [0.18201895 0.57410238 0.24387867]]\n",
      "\n",
      " [[0.12754107 0.57975634 0.29270259]\n",
      "  [0.39261561 0.40197026 0.20541413]\n",
      "  [0.18201895 0.57410238 0.24387867]]\n",
      "\n",
      " [[0.12754107 0.57975634 0.29270259]\n",
      "  [0.39261561 0.40197026 0.20541413]\n",
      "  [0.18201895 0.57410238 0.24387867]]\n",
      "\n",
      " [[0.12754107 0.57975634 0.29270259]\n",
      "  [0.39261561 0.40197026 0.20541413]\n",
      "  [0.18201895 0.57410238 0.24387867]]\n",
      "\n",
      " [[0.12754107 0.57975634 0.29270259]\n",
      "  [0.39261561 0.40197026 0.20541413]\n",
      "  [0.18201895 0.57410238 0.24387867]]\n",
      "\n",
      " [[0.12754107 0.57975634 0.29270259]\n",
      "  [0.39261561 0.40197026 0.20541413]\n",
      "  [0.18201895 0.57410238 0.24387867]]\n",
      "\n",
      " [[0.12754107 0.57975634 0.29270259]\n",
      "  [0.39261561 0.40197026 0.20541413]\n",
      "  [0.18201895 0.57410238 0.24387867]]\n",
      "\n",
      " [[0.12754107 0.57975634 0.29270259]\n",
      "  [0.39261561 0.40197026 0.20541413]\n",
      "  [0.18201895 0.57410238 0.24387867]]\n",
      "\n",
      " [[0.12754107 0.57975634 0.29270259]\n",
      "  [0.39261561 0.40197026 0.20541413]\n",
      "  [0.18201895 0.57410238 0.24387867]]\n",
      "\n",
      " [[0.12754107 0.57975634 0.29270259]\n",
      "  [0.39261561 0.40197026 0.20541413]\n",
      "  [0.18201895 0.57410238 0.24387867]]\n",
      "\n",
      " [[0.12754107 0.57975634 0.29270259]\n",
      "  [0.39261561 0.40197026 0.20541413]\n",
      "  [0.18201895 0.57410238 0.24387867]]\n",
      "\n",
      " [[0.12754107 0.57975634 0.29270259]\n",
      "  [0.39261561 0.40197026 0.20541413]\n",
      "  [0.18201895 0.57410238 0.24387867]]\n",
      "\n",
      " [[0.12754107 0.57975634 0.29270259]\n",
      "  [0.39261561 0.40197026 0.20541413]\n",
      "  [0.18201895 0.57410238 0.24387867]]\n",
      "\n",
      " [[0.12754107 0.57975634 0.29270259]\n",
      "  [0.39261561 0.40197026 0.20541413]\n",
      "  [0.18201895 0.57410238 0.24387867]]\n",
      "\n",
      " [[0.12754107 0.57975634 0.29270259]\n",
      "  [0.39261561 0.40197026 0.20541413]\n",
      "  [0.18201895 0.57410238 0.24387867]]\n",
      "\n",
      " [[0.12754107 0.57975634 0.29270259]\n",
      "  [0.39261561 0.40197026 0.20541413]\n",
      "  [0.18201895 0.57410238 0.24387867]]\n",
      "\n",
      " [[0.12754107 0.57975634 0.29270259]\n",
      "  [0.39261561 0.40197026 0.20541413]\n",
      "  [0.18201895 0.57410238 0.24387867]]\n",
      "\n",
      " [[0.12754107 0.57975634 0.29270259]\n",
      "  [0.39261561 0.40197026 0.20541413]\n",
      "  [0.18201895 0.57410238 0.24387867]]\n",
      "\n",
      " [[0.12754107 0.57975634 0.29270259]\n",
      "  [0.39261561 0.40197026 0.20541413]\n",
      "  [0.18201895 0.57410238 0.24387867]]\n",
      "\n",
      " [[0.12754107 0.57975634 0.29270259]\n",
      "  [0.39261561 0.40197026 0.20541413]\n",
      "  [0.18201895 0.57410238 0.24387867]]\n",
      "\n",
      " [[0.12754107 0.57975634 0.29270259]\n",
      "  [0.39261561 0.40197026 0.20541413]\n",
      "  [0.18201895 0.57410238 0.24387867]]\n",
      "\n",
      " [[0.12754107 0.57975634 0.29270259]\n",
      "  [0.39261561 0.40197026 0.20541413]\n",
      "  [0.18201895 0.57410238 0.24387867]]\n",
      "\n",
      " [[0.12754107 0.57975634 0.29270259]\n",
      "  [0.39261561 0.40197026 0.20541413]\n",
      "  [0.18201895 0.57410238 0.24387867]]\n",
      "\n",
      " [[0.12754107 0.57975634 0.29270259]\n",
      "  [0.39261561 0.40197026 0.20541413]\n",
      "  [0.18201895 0.57410238 0.24387867]]\n",
      "\n",
      " [[0.12754107 0.57975634 0.29270259]\n",
      "  [0.39261561 0.40197026 0.20541413]\n",
      "  [0.18201895 0.57410238 0.24387867]]\n",
      "\n",
      " [[0.12754107 0.57975634 0.29270259]\n",
      "  [0.39261561 0.40197026 0.20541413]\n",
      "  [0.18201895 0.57410238 0.24387867]]\n",
      "\n",
      " [[0.12754107 0.57975634 0.29270259]\n",
      "  [0.39261561 0.40197026 0.20541413]\n",
      "  [0.18201895 0.57410238 0.24387867]]\n",
      "\n",
      " [[0.12754107 0.57975634 0.29270259]\n",
      "  [0.39261561 0.40197026 0.20541413]\n",
      "  [0.18201895 0.57410238 0.24387867]]\n",
      "\n",
      " [[0.12754107 0.57975634 0.29270259]\n",
      "  [0.39261561 0.40197026 0.20541413]\n",
      "  [0.18201895 0.57410238 0.24387867]]\n",
      "\n",
      " [[0.12754107 0.57975634 0.29270259]\n",
      "  [0.39261561 0.40197026 0.20541413]\n",
      "  [0.18201895 0.57410238 0.24387867]]\n",
      "\n",
      " [[0.12754107 0.57975634 0.29270259]\n",
      "  [0.39261561 0.40197026 0.20541413]\n",
      "  [0.18201895 0.57410238 0.24387867]]\n",
      "\n",
      " [[0.12754107 0.57975634 0.29270259]\n",
      "  [0.39261561 0.40197026 0.20541413]\n",
      "  [0.18201895 0.57410238 0.24387867]]\n",
      "\n",
      " [[0.12754107 0.57975634 0.29270259]\n",
      "  [0.39261561 0.40197026 0.20541413]\n",
      "  [0.18201895 0.57410238 0.24387867]]\n",
      "\n",
      " [[0.12754107 0.57975634 0.29270259]\n",
      "  [0.39261561 0.40197026 0.20541413]\n",
      "  [0.18201895 0.57410238 0.24387867]]\n",
      "\n",
      " [[0.12754107 0.57975634 0.29270259]\n",
      "  [0.39261561 0.40197026 0.20541413]\n",
      "  [0.18201895 0.57410238 0.24387867]]\n",
      "\n",
      " [[0.12754107 0.57975634 0.29270259]\n",
      "  [0.39261561 0.40197026 0.20541413]\n",
      "  [0.18201895 0.57410238 0.24387867]]\n",
      "\n",
      " [[0.12754107 0.57975634 0.29270259]\n",
      "  [0.39261561 0.40197026 0.20541413]\n",
      "  [0.18201895 0.57410238 0.24387867]]\n",
      "\n",
      " [[0.12754107 0.57975634 0.29270259]\n",
      "  [0.39261561 0.40197026 0.20541413]\n",
      "  [0.18201895 0.57410238 0.24387867]]\n",
      "\n",
      " [[0.12754107 0.57975634 0.29270259]\n",
      "  [0.39261561 0.40197026 0.20541413]\n",
      "  [0.18201895 0.57410238 0.24387867]]\n",
      "\n",
      " [[0.12754107 0.57975634 0.29270259]\n",
      "  [0.39261561 0.40197026 0.20541413]\n",
      "  [0.18201895 0.57410238 0.24387867]]\n",
      "\n",
      " [[0.12754107 0.57975634 0.29270259]\n",
      "  [0.39261561 0.40197026 0.20541413]\n",
      "  [0.18201895 0.57410238 0.24387867]]\n",
      "\n",
      " [[0.12754107 0.57975634 0.29270259]\n",
      "  [0.39261561 0.40197026 0.20541413]\n",
      "  [0.18201895 0.57410238 0.24387867]]\n",
      "\n",
      " [[0.12754107 0.57975634 0.29270259]\n",
      "  [0.39261561 0.40197026 0.20541413]\n",
      "  [0.18201895 0.57410238 0.24387867]]\n",
      "\n",
      " [[0.12754107 0.57975634 0.29270259]\n",
      "  [0.39261561 0.40197026 0.20541413]\n",
      "  [0.18201895 0.57410238 0.24387867]]\n",
      "\n",
      " [[0.12754107 0.57975634 0.29270259]\n",
      "  [0.39261561 0.40197026 0.20541413]\n",
      "  [0.18201895 0.57410238 0.24387867]]\n",
      "\n",
      " [[0.12754107 0.57975634 0.29270259]\n",
      "  [0.39261561 0.40197026 0.20541413]\n",
      "  [0.18201895 0.57410238 0.24387867]]\n",
      "\n",
      " [[0.12754107 0.57975634 0.29270259]\n",
      "  [0.39261561 0.40197026 0.20541413]\n",
      "  [0.18201895 0.57410238 0.24387867]]\n",
      "\n",
      " [[0.12754107 0.57975634 0.29270259]\n",
      "  [0.39261561 0.40197026 0.20541413]\n",
      "  [0.18201895 0.57410238 0.24387867]]\n",
      "\n",
      " [[0.12754107 0.57975634 0.29270259]\n",
      "  [0.39261561 0.40197026 0.20541413]\n",
      "  [0.18201895 0.57410238 0.24387867]]\n",
      "\n",
      " [[0.12754107 0.57975634 0.29270259]\n",
      "  [0.39261561 0.40197026 0.20541413]\n",
      "  [0.18201895 0.57410238 0.24387867]]\n",
      "\n",
      " [[0.12754107 0.57975634 0.29270259]\n",
      "  [0.39261561 0.40197026 0.20541413]\n",
      "  [0.18201895 0.57410238 0.24387867]]\n",
      "\n",
      " [[0.12754107 0.57975634 0.29270259]\n",
      "  [0.39261561 0.40197026 0.20541413]\n",
      "  [0.18201895 0.57410238 0.24387867]]\n",
      "\n",
      " [[0.12754107 0.57975634 0.29270259]\n",
      "  [0.39261561 0.40197026 0.20541413]\n",
      "  [0.18201895 0.57410238 0.24387867]]\n",
      "\n",
      " [[0.12754107 0.57975634 0.29270259]\n",
      "  [0.39261561 0.40197026 0.20541413]\n",
      "  [0.18201895 0.57410238 0.24387867]]\n",
      "\n",
      " [[0.12754107 0.57975634 0.29270259]\n",
      "  [0.39261561 0.40197026 0.20541413]\n",
      "  [0.18201895 0.57410238 0.24387867]]\n",
      "\n",
      " [[0.12754107 0.57975634 0.29270259]\n",
      "  [0.39261561 0.40197026 0.20541413]\n",
      "  [0.18201895 0.57410238 0.24387867]]\n",
      "\n",
      " [[0.12754107 0.57975634 0.29270259]\n",
      "  [0.39261561 0.40197026 0.20541413]\n",
      "  [0.18201895 0.57410238 0.24387867]]\n",
      "\n",
      " [[0.12754107 0.57975634 0.29270259]\n",
      "  [0.39261561 0.40197026 0.20541413]\n",
      "  [0.18201895 0.57410238 0.24387867]]\n",
      "\n",
      " [[0.12754107 0.57975634 0.29270259]\n",
      "  [0.39261561 0.40197026 0.20541413]\n",
      "  [0.18201895 0.57410238 0.24387867]]\n",
      "\n",
      " [[0.12754107 0.57975634 0.29270259]\n",
      "  [0.39261561 0.40197026 0.20541413]\n",
      "  [0.18201895 0.57410238 0.24387867]]\n",
      "\n",
      " [[0.12754107 0.57975634 0.29270259]\n",
      "  [0.39261561 0.40197026 0.20541413]\n",
      "  [0.18201895 0.57410238 0.24387867]]\n",
      "\n",
      " [[0.12754107 0.57975634 0.29270259]\n",
      "  [0.39261561 0.40197026 0.20541413]\n",
      "  [0.18201895 0.57410238 0.24387867]]\n",
      "\n",
      " [[0.12754107 0.57975634 0.29270259]\n",
      "  [0.39261561 0.40197026 0.20541413]\n",
      "  [0.18201895 0.57410238 0.24387867]]\n",
      "\n",
      " [[0.12754107 0.57975634 0.29270259]\n",
      "  [0.39261561 0.40197026 0.20541413]\n",
      "  [0.18201895 0.57410238 0.24387867]]\n",
      "\n",
      " [[0.12754107 0.57975634 0.29270259]\n",
      "  [0.39261561 0.40197026 0.20541413]\n",
      "  [0.18201895 0.57410238 0.24387867]]\n",
      "\n",
      " [[0.12754107 0.57975634 0.29270259]\n",
      "  [0.39261561 0.40197026 0.20541413]\n",
      "  [0.18201895 0.57410238 0.24387867]]\n",
      "\n",
      " [[0.12754107 0.57975634 0.29270259]\n",
      "  [0.39261561 0.40197026 0.20541413]\n",
      "  [0.18201895 0.57410238 0.24387867]]\n",
      "\n",
      " [[0.12754107 0.57975634 0.29270259]\n",
      "  [0.39261561 0.40197026 0.20541413]\n",
      "  [0.18201895 0.57410238 0.24387867]]\n",
      "\n",
      " [[0.12754107 0.57975634 0.29270259]\n",
      "  [0.39261561 0.40197026 0.20541413]\n",
      "  [0.18201895 0.57410238 0.24387867]]\n",
      "\n",
      " [[0.12754107 0.57975634 0.29270259]\n",
      "  [0.39261561 0.40197026 0.20541413]\n",
      "  [0.18201895 0.57410238 0.24387867]]\n",
      "\n",
      " [[0.12754107 0.57975634 0.29270259]\n",
      "  [0.39261561 0.40197026 0.20541413]\n",
      "  [0.18201895 0.57410238 0.24387867]]\n",
      "\n",
      " [[0.12754107 0.57975634 0.29270259]\n",
      "  [0.39261561 0.40197026 0.20541413]\n",
      "  [0.18201895 0.57410238 0.24387867]]\n",
      "\n",
      " [[0.12754107 0.57975634 0.29270259]\n",
      "  [0.39261561 0.40197026 0.20541413]\n",
      "  [0.18201895 0.57410238 0.24387867]]\n",
      "\n",
      " [[0.12754107 0.57975634 0.29270259]\n",
      "  [0.39261561 0.40197026 0.20541413]\n",
      "  [0.18201895 0.57410238 0.24387867]]\n",
      "\n",
      " [[0.12754107 0.57975634 0.29270259]\n",
      "  [0.39261561 0.40197026 0.20541413]\n",
      "  [0.18201895 0.57410238 0.24387867]]\n",
      "\n",
      " [[0.12754107 0.57975634 0.29270259]\n",
      "  [0.39261561 0.40197026 0.20541413]\n",
      "  [0.18201895 0.57410238 0.24387867]]\n",
      "\n",
      " [[0.12754107 0.57975634 0.29270259]\n",
      "  [0.39261561 0.40197026 0.20541413]\n",
      "  [0.18201895 0.57410238 0.24387867]]\n",
      "\n",
      " [[0.12754107 0.57975634 0.29270259]\n",
      "  [0.39261561 0.40197026 0.20541413]\n",
      "  [0.18201895 0.57410238 0.24387867]]\n",
      "\n",
      " [[0.12754107 0.57975634 0.29270259]\n",
      "  [0.39261561 0.40197026 0.20541413]\n",
      "  [0.18201895 0.57410238 0.24387867]]\n",
      "\n",
      " [[0.12754107 0.57975634 0.29270259]\n",
      "  [0.39261561 0.40197026 0.20541413]\n",
      "  [0.18201895 0.57410238 0.24387867]]\n",
      "\n",
      " [[0.12754107 0.57975634 0.29270259]\n",
      "  [0.39261561 0.40197026 0.20541413]\n",
      "  [0.18201895 0.57410238 0.24387867]]\n",
      "\n",
      " [[0.12754107 0.57975634 0.29270259]\n",
      "  [0.39261561 0.40197026 0.20541413]\n",
      "  [0.18201895 0.57410238 0.24387867]]\n",
      "\n",
      " [[0.12754107 0.57975634 0.29270259]\n",
      "  [0.39261561 0.40197026 0.20541413]\n",
      "  [0.18201895 0.57410238 0.24387867]]\n",
      "\n",
      " [[0.12754107 0.57975634 0.29270259]\n",
      "  [0.39261561 0.40197026 0.20541413]\n",
      "  [0.18201895 0.57410238 0.24387867]]\n",
      "\n",
      " [[0.12754107 0.57975634 0.29270259]\n",
      "  [0.39261561 0.40197026 0.20541413]\n",
      "  [0.18201895 0.57410238 0.24387867]]\n",
      "\n",
      " [[0.12754107 0.57975634 0.29270259]\n",
      "  [0.39261561 0.40197026 0.20541413]\n",
      "  [0.18201895 0.57410238 0.24387867]]\n",
      "\n",
      " [[0.12754107 0.57975634 0.29270259]\n",
      "  [0.39261561 0.40197026 0.20541413]\n",
      "  [0.18201895 0.57410238 0.24387867]]\n",
      "\n",
      " [[0.12754107 0.57975634 0.29270259]\n",
      "  [0.39261561 0.40197026 0.20541413]\n",
      "  [0.18201895 0.57410238 0.24387867]]\n",
      "\n",
      " [[0.12754107 0.57975634 0.29270259]\n",
      "  [0.39261561 0.40197026 0.20541413]\n",
      "  [0.18201895 0.57410238 0.24387867]]\n",
      "\n",
      " [[0.12754107 0.57975634 0.29270259]\n",
      "  [0.39261561 0.40197026 0.20541413]\n",
      "  [0.18201895 0.57410238 0.24387867]]\n",
      "\n",
      " [[0.12754107 0.57975634 0.29270259]\n",
      "  [0.39261561 0.40197026 0.20541413]\n",
      "  [0.18201895 0.57410238 0.24387867]]\n",
      "\n",
      " [[0.12754107 0.57975634 0.29270259]\n",
      "  [0.39261561 0.40197026 0.20541413]\n",
      "  [0.18201895 0.57410238 0.24387867]]\n",
      "\n",
      " [[0.12754107 0.57975634 0.29270259]\n",
      "  [0.39261561 0.40197026 0.20541413]\n",
      "  [0.18201895 0.57410238 0.24387867]]\n",
      "\n",
      " [[0.12754107 0.57975634 0.29270259]\n",
      "  [0.39261561 0.40197026 0.20541413]\n",
      "  [0.18201895 0.57410238 0.24387867]]\n",
      "\n",
      " [[0.12754107 0.57975634 0.29270259]\n",
      "  [0.39261561 0.40197026 0.20541413]\n",
      "  [0.18201895 0.57410238 0.24387867]]\n",
      "\n",
      " [[0.12754107 0.57975634 0.29270259]\n",
      "  [0.39261561 0.40197026 0.20541413]\n",
      "  [0.18201895 0.57410238 0.24387867]]\n",
      "\n",
      " [[0.12754107 0.57975634 0.29270259]\n",
      "  [0.39261561 0.40197026 0.20541413]\n",
      "  [0.18201895 0.57410238 0.24387867]]\n",
      "\n",
      " [[0.12754107 0.57975634 0.29270259]\n",
      "  [0.39261561 0.40197026 0.20541413]\n",
      "  [0.18201895 0.57410238 0.24387867]]\n",
      "\n",
      " [[0.12754107 0.57975634 0.29270259]\n",
      "  [0.39261561 0.40197026 0.20541413]\n",
      "  [0.18201895 0.57410238 0.24387867]]\n",
      "\n",
      " [[0.12754107 0.57975634 0.29270259]\n",
      "  [0.39261561 0.40197026 0.20541413]\n",
      "  [0.18201895 0.57410238 0.24387867]]\n",
      "\n",
      " [[0.12754107 0.57975634 0.29270259]\n",
      "  [0.39261561 0.40197026 0.20541413]\n",
      "  [0.18201895 0.57410238 0.24387867]]\n",
      "\n",
      " [[0.12754107 0.57975634 0.29270259]\n",
      "  [0.39261561 0.40197026 0.20541413]\n",
      "  [0.18201895 0.57410238 0.24387867]]\n",
      "\n",
      " [[0.12754107 0.57975634 0.29270259]\n",
      "  [0.39261561 0.40197026 0.20541413]\n",
      "  [0.18201895 0.57410238 0.24387867]]\n",
      "\n",
      " [[0.12754107 0.57975634 0.29270259]\n",
      "  [0.39261561 0.40197026 0.20541413]\n",
      "  [0.18201895 0.57410238 0.24387867]]\n",
      "\n",
      " [[0.12754107 0.57975634 0.29270259]\n",
      "  [0.39261561 0.40197026 0.20541413]\n",
      "  [0.18201895 0.57410238 0.24387867]]\n",
      "\n",
      " [[0.12754107 0.57975634 0.29270259]\n",
      "  [0.39261561 0.40197026 0.20541413]\n",
      "  [0.18201895 0.57410238 0.24387867]]\n",
      "\n",
      " [[0.12754107 0.57975634 0.29270259]\n",
      "  [0.39261561 0.40197026 0.20541413]\n",
      "  [0.18201895 0.57410238 0.24387867]]\n",
      "\n",
      " [[0.12754107 0.57975634 0.29270259]\n",
      "  [0.39261561 0.40197026 0.20541413]\n",
      "  [0.18201895 0.57410238 0.24387867]]\n",
      "\n",
      " [[0.12754107 0.57975634 0.29270259]\n",
      "  [0.39261561 0.40197026 0.20541413]\n",
      "  [0.18201895 0.57410238 0.24387867]]\n",
      "\n",
      " [[0.12754107 0.57975634 0.29270259]\n",
      "  [0.39261561 0.40197026 0.20541413]\n",
      "  [0.18201895 0.57410238 0.24387867]]\n",
      "\n",
      " [[0.12754107 0.57975634 0.29270259]\n",
      "  [0.39261561 0.40197026 0.20541413]\n",
      "  [0.18201895 0.57410238 0.24387867]]\n",
      "\n",
      " [[0.12754107 0.57975634 0.29270259]\n",
      "  [0.39261561 0.40197026 0.20541413]\n",
      "  [0.18201895 0.57410238 0.24387867]]\n",
      "\n",
      " [[0.12754107 0.57975634 0.29270259]\n",
      "  [0.39261561 0.40197026 0.20541413]\n",
